2022/04/03-11:52:31.055250 7fcb07508700 RocksDB version: 6.15.2
2022/04/03-11:52:31.055291 7fcb07508700 Git sha rocksdb_build_git_sha:
2022/04/03-11:52:31.055293 7fcb07508700 Compile date Jan  4 2021
2022/04/03-11:52:31.055350 7fcb07508700 DB SUMMARY
2022/04/03-11:52:31.055352 7fcb07508700 DB Session ID:  QZBLF071G1TMZ6MKIKET
2022/04/03-11:52:31.055384 7fcb07508700 CURRENT file:  CURRENT
2022/04/03-11:52:31.055386 7fcb07508700 IDENTITY file:  IDENTITY
2022/04/03-11:52:31.055389 7fcb07508700 MANIFEST file:  MANIFEST-000024 size: 753 Bytes
2022/04/03-11:52:31.055391 7fcb07508700 SST files in /home/kareemikassab/Besu_Practice/edx/Clique-Network/Node-1/data/database dir, Total Num: 2, files: 000022.sst 000023.sst 
2022/04/03-11:52:31.055392 7fcb07508700 Write Ahead Log file in /home/kareemikassab/Besu_Practice/edx/Clique-Network/Node-1/data/database: 000025.log size: 1135 ; 
2022/04/03-11:52:31.055394 7fcb07508700                         Options.error_if_exists: 0
2022/04/03-11:52:31.055396 7fcb07508700                       Options.create_if_missing: 1
2022/04/03-11:52:31.055396 7fcb07508700                         Options.paranoid_checks: 1
2022/04/03-11:52:31.055397 7fcb07508700                               Options.track_and_verify_wals_in_manifest: 0
2022/04/03-11:52:31.055398 7fcb07508700                                     Options.env: 0x7fca733bc3c0
2022/04/03-11:52:31.055399 7fcb07508700                                      Options.fs: Posix File System
2022/04/03-11:52:31.055400 7fcb07508700                                Options.info_log: 0x7fcb01610500
2022/04/03-11:52:31.055401 7fcb07508700                Options.max_file_opening_threads: 16
2022/04/03-11:52:31.055402 7fcb07508700                              Options.statistics: 0x7fcb0159f3a0
2022/04/03-11:52:31.055403 7fcb07508700                               Options.use_fsync: 0
2022/04/03-11:52:31.055403 7fcb07508700                       Options.max_log_file_size: 0
2022/04/03-11:52:31.055404 7fcb07508700                  Options.max_manifest_file_size: 1073741824
2022/04/03-11:52:31.055405 7fcb07508700                   Options.log_file_time_to_roll: 0
2022/04/03-11:52:31.055406 7fcb07508700                       Options.keep_log_file_num: 1000
2022/04/03-11:52:31.055407 7fcb07508700                    Options.recycle_log_file_num: 0
2022/04/03-11:52:31.055408 7fcb07508700                         Options.allow_fallocate: 1
2022/04/03-11:52:31.055408 7fcb07508700                        Options.allow_mmap_reads: 0
2022/04/03-11:52:31.055409 7fcb07508700                       Options.allow_mmap_writes: 0
2022/04/03-11:52:31.055410 7fcb07508700                        Options.use_direct_reads: 0
2022/04/03-11:52:31.055411 7fcb07508700                        Options.use_direct_io_for_flush_and_compaction: 0
2022/04/03-11:52:31.055411 7fcb07508700          Options.create_missing_column_families: 1
2022/04/03-11:52:31.055412 7fcb07508700                              Options.db_log_dir: 
2022/04/03-11:52:31.055413 7fcb07508700                                 Options.wal_dir: /home/kareemikassab/Besu_Practice/edx/Clique-Network/Node-1/data/database
2022/04/03-11:52:31.055414 7fcb07508700                Options.table_cache_numshardbits: 6
2022/04/03-11:52:31.055415 7fcb07508700                         Options.WAL_ttl_seconds: 0
2022/04/03-11:52:31.055415 7fcb07508700                       Options.WAL_size_limit_MB: 0
2022/04/03-11:52:31.055416 7fcb07508700                        Options.max_write_batch_group_size_bytes: 1048576
2022/04/03-11:52:31.055417 7fcb07508700             Options.manifest_preallocation_size: 4194304
2022/04/03-11:52:31.055418 7fcb07508700                     Options.is_fd_close_on_exec: 1
2022/04/03-11:52:31.055419 7fcb07508700                   Options.advise_random_on_open: 1
2022/04/03-11:52:31.055419 7fcb07508700                    Options.db_write_buffer_size: 0
2022/04/03-11:52:31.055420 7fcb07508700                    Options.write_buffer_manager: 0x7fcb01611270
2022/04/03-11:52:31.055421 7fcb07508700         Options.access_hint_on_compaction_start: 1
2022/04/03-11:52:31.055422 7fcb07508700  Options.new_table_reader_for_compaction_inputs: 0
2022/04/03-11:52:31.055432 7fcb07508700           Options.random_access_max_buffer_size: 1048576
2022/04/03-11:52:31.055433 7fcb07508700                      Options.use_adaptive_mutex: 0
2022/04/03-11:52:31.055434 7fcb07508700                            Options.rate_limiter: (nil)
2022/04/03-11:52:31.055436 7fcb07508700     Options.sst_file_manager.rate_bytes_per_sec: 0
2022/04/03-11:52:31.055437 7fcb07508700                       Options.wal_recovery_mode: 2
2022/04/03-11:52:31.055438 7fcb07508700                  Options.enable_thread_tracking: 0
2022/04/03-11:52:31.055439 7fcb07508700                  Options.enable_pipelined_write: 0
2022/04/03-11:52:31.055440 7fcb07508700                  Options.unordered_write: 0
2022/04/03-11:52:31.055440 7fcb07508700         Options.allow_concurrent_memtable_write: 1
2022/04/03-11:52:31.055441 7fcb07508700      Options.enable_write_thread_adaptive_yield: 1
2022/04/03-11:52:31.055442 7fcb07508700             Options.write_thread_max_yield_usec: 100
2022/04/03-11:52:31.055443 7fcb07508700            Options.write_thread_slow_yield_usec: 3
2022/04/03-11:52:31.055444 7fcb07508700                               Options.row_cache: None
2022/04/03-11:52:31.055444 7fcb07508700                              Options.wal_filter: None
2022/04/03-11:52:31.055445 7fcb07508700             Options.avoid_flush_during_recovery: 0
2022/04/03-11:52:31.055446 7fcb07508700             Options.allow_ingest_behind: 0
2022/04/03-11:52:31.055447 7fcb07508700             Options.preserve_deletes: 0
2022/04/03-11:52:31.055448 7fcb07508700             Options.two_write_queues: 0
2022/04/03-11:52:31.055448 7fcb07508700             Options.manual_wal_flush: 0
2022/04/03-11:52:31.055449 7fcb07508700             Options.atomic_flush: 0
2022/04/03-11:52:31.055450 7fcb07508700             Options.avoid_unnecessary_blocking_io: 0
2022/04/03-11:52:31.055451 7fcb07508700                 Options.persist_stats_to_disk: 0
2022/04/03-11:52:31.055451 7fcb07508700                 Options.write_dbid_to_manifest: 0
2022/04/03-11:52:31.055452 7fcb07508700                 Options.log_readahead_size: 0
2022/04/03-11:52:31.055453 7fcb07508700                 Options.file_checksum_gen_factory: Unknown
2022/04/03-11:52:31.055454 7fcb07508700                 Options.best_efforts_recovery: 0
2022/04/03-11:52:31.055455 7fcb07508700                Options.max_bgerror_resume_count: 2147483647
2022/04/03-11:52:31.055455 7fcb07508700            Options.bgerror_resume_retry_interval: 1000000
2022/04/03-11:52:31.055456 7fcb07508700             Options.allow_data_in_errors: 0
2022/04/03-11:52:31.055457 7fcb07508700             Options.db_host_id: __hostname__
2022/04/03-11:52:31.055459 7fcb07508700             Options.max_background_jobs: 2
2022/04/03-11:52:31.055459 7fcb07508700             Options.max_background_compactions: 4
2022/04/03-11:52:31.055460 7fcb07508700             Options.max_subcompactions: 1
2022/04/03-11:52:31.055461 7fcb07508700             Options.avoid_flush_during_shutdown: 0
2022/04/03-11:52:31.055462 7fcb07508700           Options.writable_file_max_buffer_size: 1048576
2022/04/03-11:52:31.055462 7fcb07508700             Options.delayed_write_rate : 16777216
2022/04/03-11:52:31.055463 7fcb07508700             Options.max_total_wal_size: 0
2022/04/03-11:52:31.055464 7fcb07508700             Options.delete_obsolete_files_period_micros: 21600000000
2022/04/03-11:52:31.055465 7fcb07508700                   Options.stats_dump_period_sec: 600
2022/04/03-11:52:31.055466 7fcb07508700                 Options.stats_persist_period_sec: 600
2022/04/03-11:52:31.055466 7fcb07508700                 Options.stats_history_buffer_size: 1048576
2022/04/03-11:52:31.055467 7fcb07508700                          Options.max_open_files: 1024
2022/04/03-11:52:31.055468 7fcb07508700                          Options.bytes_per_sync: 0
2022/04/03-11:52:31.055469 7fcb07508700                      Options.wal_bytes_per_sync: 0
2022/04/03-11:52:31.055470 7fcb07508700                   Options.strict_bytes_per_sync: 0
2022/04/03-11:52:31.055476 7fcb07508700       Options.compaction_readahead_size: 0
2022/04/03-11:52:31.055477 7fcb07508700                  Options.max_background_flushes: -1
2022/04/03-11:52:31.055478 7fcb07508700 Compression algorithms supported:
2022/04/03-11:52:31.055479 7fcb07508700 	kZSTDNotFinalCompression supported: 1
2022/04/03-11:52:31.055484 7fcb07508700 	kZSTD supported: 1
2022/04/03-11:52:31.055485 7fcb07508700 	kXpressCompression supported: 0
2022/04/03-11:52:31.055486 7fcb07508700 	kLZ4HCCompression supported: 1
2022/04/03-11:52:31.055487 7fcb07508700 	kLZ4Compression supported: 1
2022/04/03-11:52:31.055488 7fcb07508700 	kBZip2Compression supported: 1
2022/04/03-11:52:31.055488 7fcb07508700 	kZlibCompression supported: 1
2022/04/03-11:52:31.055489 7fcb07508700 	kSnappyCompression supported: 1
2022/04/03-11:52:31.055492 7fcb07508700 Fast CRC32 supported: Not supported on x86
2022/04/03-11:52:31.055599 7fcb07508700 [/version_set.cc:4725] Recovering from manifest file: /home/kareemikassab/Besu_Practice/edx/Clique-Network/Node-1/data/database/MANIFEST-000024
2022/04/03-11:52:31.055773 7fcb07508700 [/column_family.cc:597] --------------- Options for column family [default]:
2022/04/03-11:52:31.055777 7fcb07508700               Options.comparator: leveldb.BytewiseComparator
2022/04/03-11:52:31.055778 7fcb07508700           Options.merge_operator: None
2022/04/03-11:52:31.055779 7fcb07508700        Options.compaction_filter: None
2022/04/03-11:52:31.055780 7fcb07508700        Options.compaction_filter_factory: None
2022/04/03-11:52:31.055781 7fcb07508700  Options.sst_partitioner_factory: None
2022/04/03-11:52:31.055782 7fcb07508700         Options.memtable_factory: SkipListFactory
2022/04/03-11:52:31.055782 7fcb07508700            Options.table_factory: BlockBasedTable
2022/04/03-11:52:31.055807 7fcb07508700            table_factory options:   flush_block_policy_factory: FlushBlockBySizePolicyFactory (0x7fcb015a9130)
  cache_index_and_filter_blocks: 0
  cache_index_and_filter_blocks_with_high_priority: 1
  pin_l0_filter_and_index_blocks_in_cache: 0
  pin_top_level_index_and_filter: 1
  index_type: 0
  data_block_index_type: 0
  index_shortening: 1
  data_block_hash_table_util_ratio: 0.750000
  hash_index_allow_collision: 1
  checksum: 1
  no_block_cache: 0
  block_cache: 0x7fcb015a6c00
  block_cache_name: LRUCache
  block_cache_options:
    capacity : 8388608
    num_shard_bits : 4
    strict_capacity_limit : 0
    memory_allocator : None
    high_pri_pool_ratio: 0.000
  block_cache_compressed: (nil)
  persistent_cache: (nil)
  block_size: 4096
  block_size_deviation: 10
  block_restart_interval: 16
  index_block_restart_interval: 1
  metadata_block_size: 4096
  partition_filters: 0
  use_delta_encoding: 1
  filter_policy: nullptr
  whole_key_filtering: 1
  verify_compression: 0
  read_amp_bytes_per_bit: 0
  format_version: 4
  enable_index_compression: 1
  block_align: 0
2022/04/03-11:52:31.055808 7fcb07508700        Options.write_buffer_size: 67108864
2022/04/03-11:52:31.055809 7fcb07508700  Options.max_write_buffer_number: 2
2022/04/03-11:52:31.055810 7fcb07508700          Options.compression: Snappy
2022/04/03-11:52:31.055811 7fcb07508700                  Options.bottommost_compression: Disabled
2022/04/03-11:52:31.055812 7fcb07508700       Options.prefix_extractor: nullptr
2022/04/03-11:52:31.055813 7fcb07508700   Options.memtable_insert_with_hint_prefix_extractor: nullptr
2022/04/03-11:52:31.055814 7fcb07508700             Options.num_levels: 7
2022/04/03-11:52:31.055815 7fcb07508700        Options.min_write_buffer_number_to_merge: 1
2022/04/03-11:52:31.055815 7fcb07508700     Options.max_write_buffer_number_to_maintain: 0
2022/04/03-11:52:31.055816 7fcb07508700     Options.max_write_buffer_size_to_maintain: 134217728
2022/04/03-11:52:31.055817 7fcb07508700            Options.bottommost_compression_opts.window_bits: -14
2022/04/03-11:52:31.055818 7fcb07508700                  Options.bottommost_compression_opts.level: 32767
2022/04/03-11:52:31.055819 7fcb07508700               Options.bottommost_compression_opts.strategy: 0
2022/04/03-11:52:31.055830 7fcb07508700         Options.bottommost_compression_opts.max_dict_bytes: 0
2022/04/03-11:52:31.055832 7fcb07508700         Options.bottommost_compression_opts.zstd_max_train_bytes: 0
2022/04/03-11:52:31.055832 7fcb07508700         Options.bottommost_compression_opts.parallel_threads: 1
2022/04/03-11:52:31.055833 7fcb07508700                  Options.bottommost_compression_opts.enabled: false
2022/04/03-11:52:31.055834 7fcb07508700            Options.compression_opts.window_bits: -14
2022/04/03-11:52:31.055835 7fcb07508700                  Options.compression_opts.level: 32767
2022/04/03-11:52:31.055836 7fcb07508700               Options.compression_opts.strategy: 0
2022/04/03-11:52:31.055836 7fcb07508700         Options.compression_opts.max_dict_bytes: 0
2022/04/03-11:52:31.055837 7fcb07508700         Options.compression_opts.zstd_max_train_bytes: 0
2022/04/03-11:52:31.055838 7fcb07508700         Options.compression_opts.parallel_threads: 1
2022/04/03-11:52:31.055839 7fcb07508700                  Options.compression_opts.enabled: false
2022/04/03-11:52:31.055840 7fcb07508700      Options.level0_file_num_compaction_trigger: 4
2022/04/03-11:52:31.055840 7fcb07508700          Options.level0_slowdown_writes_trigger: 20
2022/04/03-11:52:31.055841 7fcb07508700              Options.level0_stop_writes_trigger: 36
2022/04/03-11:52:31.055842 7fcb07508700                   Options.target_file_size_base: 67108864
2022/04/03-11:52:31.055843 7fcb07508700             Options.target_file_size_multiplier: 1
2022/04/03-11:52:31.055844 7fcb07508700                Options.max_bytes_for_level_base: 268435456
2022/04/03-11:52:31.055844 7fcb07508700 Options.level_compaction_dynamic_level_bytes: 0
2022/04/03-11:52:31.055845 7fcb07508700          Options.max_bytes_for_level_multiplier: 10.000000
2022/04/03-11:52:31.055847 7fcb07508700 Options.max_bytes_for_level_multiplier_addtl[0]: 1
2022/04/03-11:52:31.055848 7fcb07508700 Options.max_bytes_for_level_multiplier_addtl[1]: 1
2022/04/03-11:52:31.055849 7fcb07508700 Options.max_bytes_for_level_multiplier_addtl[2]: 1
2022/04/03-11:52:31.055850 7fcb07508700 Options.max_bytes_for_level_multiplier_addtl[3]: 1
2022/04/03-11:52:31.055851 7fcb07508700 Options.max_bytes_for_level_multiplier_addtl[4]: 1
2022/04/03-11:52:31.055851 7fcb07508700 Options.max_bytes_for_level_multiplier_addtl[5]: 1
2022/04/03-11:52:31.055852 7fcb07508700 Options.max_bytes_for_level_multiplier_addtl[6]: 1
2022/04/03-11:52:31.055853 7fcb07508700       Options.max_sequential_skip_in_iterations: 8
2022/04/03-11:52:31.055854 7fcb07508700                    Options.max_compaction_bytes: 1677721600
2022/04/03-11:52:31.055855 7fcb07508700                        Options.arena_block_size: 8388608
2022/04/03-11:52:31.055856 7fcb07508700   Options.soft_pending_compaction_bytes_limit: 68719476736
2022/04/03-11:52:31.055856 7fcb07508700   Options.hard_pending_compaction_bytes_limit: 274877906944
2022/04/03-11:52:31.055857 7fcb07508700       Options.rate_limit_delay_max_milliseconds: 100
2022/04/03-11:52:31.055858 7fcb07508700                Options.disable_auto_compactions: 0
2022/04/03-11:52:31.055860 7fcb07508700                        Options.compaction_style: kCompactionStyleLevel
2022/04/03-11:52:31.055861 7fcb07508700                          Options.compaction_pri: kMinOverlappingRatio
2022/04/03-11:52:31.055862 7fcb07508700 Options.compaction_options_universal.size_ratio: 1
2022/04/03-11:52:31.055862 7fcb07508700 Options.compaction_options_universal.min_merge_width: 2
2022/04/03-11:52:31.055863 7fcb07508700 Options.compaction_options_universal.max_merge_width: 4294967295
2022/04/03-11:52:31.055864 7fcb07508700 Options.compaction_options_universal.max_size_amplification_percent: 200
2022/04/03-11:52:31.055865 7fcb07508700 Options.compaction_options_universal.compression_size_percent: -1
2022/04/03-11:52:31.055866 7fcb07508700 Options.compaction_options_universal.stop_style: kCompactionStopStyleTotalSize
2022/04/03-11:52:31.055867 7fcb07508700 Options.compaction_options_fifo.max_table_files_size: 1073741824
2022/04/03-11:52:31.055873 7fcb07508700 Options.compaction_options_fifo.allow_compaction: 0
2022/04/03-11:52:31.055878 7fcb07508700                   Options.table_properties_collectors: 
2022/04/03-11:52:31.055879 7fcb07508700                   Options.inplace_update_support: 0
2022/04/03-11:52:31.055880 7fcb07508700                 Options.inplace_update_num_locks: 10000
2022/04/03-11:52:31.055881 7fcb07508700               Options.memtable_prefix_bloom_size_ratio: 0.000000
2022/04/03-11:52:31.055882 7fcb07508700               Options.memtable_whole_key_filtering: 0
2022/04/03-11:52:31.055883 7fcb07508700   Options.memtable_huge_page_size: 0
2022/04/03-11:52:31.055883 7fcb07508700                           Options.bloom_locality: 0
2022/04/03-11:52:31.055884 7fcb07508700                    Options.max_successive_merges: 0
2022/04/03-11:52:31.055885 7fcb07508700                Options.optimize_filters_for_hits: 0
2022/04/03-11:52:31.055886 7fcb07508700                Options.paranoid_file_checks: 0
2022/04/03-11:52:31.055886 7fcb07508700                Options.force_consistency_checks: 1
2022/04/03-11:52:31.055887 7fcb07508700                Options.report_bg_io_stats: 0
2022/04/03-11:52:31.055888 7fcb07508700                               Options.ttl: 2592000
2022/04/03-11:52:31.055889 7fcb07508700          Options.periodic_compaction_seconds: 0
2022/04/03-11:52:31.055890 7fcb07508700                    Options.enable_blob_files: false
2022/04/03-11:52:31.055890 7fcb07508700                        Options.min_blob_size: 0
2022/04/03-11:52:31.055891 7fcb07508700                       Options.blob_file_size: 268435456
2022/04/03-11:52:31.055892 7fcb07508700                Options.blob_compression_type: NoCompression
2022/04/03-11:52:31.055893 7fcb07508700       Options.enable_blob_garbage_collection: false
2022/04/03-11:52:31.055894 7fcb07508700   Options.blob_garbage_collection_age_cutoff: 0.250000
2022/04/03-11:52:31.056013 7fcb07508700 [/column_family.cc:597] --------------- Options for column family []:
2022/04/03-11:52:31.056015 7fcb07508700               Options.comparator: leveldb.BytewiseComparator
2022/04/03-11:52:31.056016 7fcb07508700           Options.merge_operator: None
2022/04/03-11:52:31.056017 7fcb07508700        Options.compaction_filter: None
2022/04/03-11:52:31.056018 7fcb07508700        Options.compaction_filter_factory: None
2022/04/03-11:52:31.056018 7fcb07508700  Options.sst_partitioner_factory: None
2022/04/03-11:52:31.056019 7fcb07508700         Options.memtable_factory: SkipListFactory
2022/04/03-11:52:31.056020 7fcb07508700            Options.table_factory: BlockBasedTable
2022/04/03-11:52:31.056037 7fcb07508700            table_factory options:   flush_block_policy_factory: FlushBlockBySizePolicyFactory (0x7fcb01592480)
  cache_index_and_filter_blocks: 0
  cache_index_and_filter_blocks_with_high_priority: 1
  pin_l0_filter_and_index_blocks_in_cache: 0
  pin_top_level_index_and_filter: 1
  index_type: 0
  data_block_index_type: 0
  index_shortening: 1
  data_block_hash_table_util_ratio: 0.750000
  hash_index_allow_collision: 1
  checksum: 1
  no_block_cache: 0
  block_cache: 0x7fcb015924c0
  block_cache_name: LRUCache
  block_cache_options:
    capacity : 8388608
    num_shard_bits : 4
    strict_capacity_limit : 0
    memory_allocator : None
    high_pri_pool_ratio: 0.000
  block_cache_compressed: (nil)
  persistent_cache: (nil)
  block_size: 4096
  block_size_deviation: 10
  block_restart_interval: 16
  index_block_restart_interval: 1
  metadata_block_size: 4096
  partition_filters: 0
  use_delta_encoding: 1
  filter_policy: nullptr
  whole_key_filtering: 1
  verify_compression: 0
  read_amp_bytes_per_bit: 0
  format_version: 4
  enable_index_compression: 1
  block_align: 0
2022/04/03-11:52:31.056040 7fcb07508700        Options.write_buffer_size: 67108864
2022/04/03-11:52:31.056040 7fcb07508700  Options.max_write_buffer_number: 2
2022/04/03-11:52:31.056042 7fcb07508700          Options.compression: Snappy
2022/04/03-11:52:31.056042 7fcb07508700                  Options.bottommost_compression: Disabled
2022/04/03-11:52:31.056051 7fcb07508700       Options.prefix_extractor: nullptr
2022/04/03-11:52:31.056052 7fcb07508700   Options.memtable_insert_with_hint_prefix_extractor: nullptr
2022/04/03-11:52:31.056053 7fcb07508700             Options.num_levels: 7
2022/04/03-11:52:31.056054 7fcb07508700        Options.min_write_buffer_number_to_merge: 1
2022/04/03-11:52:31.056055 7fcb07508700     Options.max_write_buffer_number_to_maintain: 0
2022/04/03-11:52:31.056055 7fcb07508700     Options.max_write_buffer_size_to_maintain: 134217728
2022/04/03-11:52:31.056056 7fcb07508700            Options.bottommost_compression_opts.window_bits: -14
2022/04/03-11:52:31.056057 7fcb07508700                  Options.bottommost_compression_opts.level: 32767
2022/04/03-11:52:31.056058 7fcb07508700               Options.bottommost_compression_opts.strategy: 0
2022/04/03-11:52:31.056058 7fcb07508700         Options.bottommost_compression_opts.max_dict_bytes: 0
2022/04/03-11:52:31.056059 7fcb07508700         Options.bottommost_compression_opts.zstd_max_train_bytes: 0
2022/04/03-11:52:31.056060 7fcb07508700         Options.bottommost_compression_opts.parallel_threads: 1
2022/04/03-11:52:31.056061 7fcb07508700                  Options.bottommost_compression_opts.enabled: false
2022/04/03-11:52:31.056062 7fcb07508700            Options.compression_opts.window_bits: -14
2022/04/03-11:52:31.056062 7fcb07508700                  Options.compression_opts.level: 32767
2022/04/03-11:52:31.056063 7fcb07508700               Options.compression_opts.strategy: 0
2022/04/03-11:52:31.056064 7fcb07508700         Options.compression_opts.max_dict_bytes: 0
2022/04/03-11:52:31.056065 7fcb07508700         Options.compression_opts.zstd_max_train_bytes: 0
2022/04/03-11:52:31.056066 7fcb07508700         Options.compression_opts.parallel_threads: 1
2022/04/03-11:52:31.056066 7fcb07508700                  Options.compression_opts.enabled: false
2022/04/03-11:52:31.056067 7fcb07508700      Options.level0_file_num_compaction_trigger: 4
2022/04/03-11:52:31.056068 7fcb07508700          Options.level0_slowdown_writes_trigger: 20
2022/04/03-11:52:31.056069 7fcb07508700              Options.level0_stop_writes_trigger: 36
2022/04/03-11:52:31.056070 7fcb07508700                   Options.target_file_size_base: 67108864
2022/04/03-11:52:31.056070 7fcb07508700             Options.target_file_size_multiplier: 1
2022/04/03-11:52:31.056071 7fcb07508700                Options.max_bytes_for_level_base: 268435456
2022/04/03-11:52:31.056072 7fcb07508700 Options.level_compaction_dynamic_level_bytes: 0
2022/04/03-11:52:31.056073 7fcb07508700          Options.max_bytes_for_level_multiplier: 10.000000
2022/04/03-11:52:31.056074 7fcb07508700 Options.max_bytes_for_level_multiplier_addtl[0]: 1
2022/04/03-11:52:31.056075 7fcb07508700 Options.max_bytes_for_level_multiplier_addtl[1]: 1
2022/04/03-11:52:31.056076 7fcb07508700 Options.max_bytes_for_level_multiplier_addtl[2]: 1
2022/04/03-11:52:31.056077 7fcb07508700 Options.max_bytes_for_level_multiplier_addtl[3]: 1
2022/04/03-11:52:31.056078 7fcb07508700 Options.max_bytes_for_level_multiplier_addtl[4]: 1
2022/04/03-11:52:31.056078 7fcb07508700 Options.max_bytes_for_level_multiplier_addtl[5]: 1
2022/04/03-11:52:31.056079 7fcb07508700 Options.max_bytes_for_level_multiplier_addtl[6]: 1
2022/04/03-11:52:31.056080 7fcb07508700       Options.max_sequential_skip_in_iterations: 8
2022/04/03-11:52:31.056081 7fcb07508700                    Options.max_compaction_bytes: 1677721600
2022/04/03-11:52:31.056081 7fcb07508700                        Options.arena_block_size: 8388608
2022/04/03-11:52:31.056082 7fcb07508700   Options.soft_pending_compaction_bytes_limit: 68719476736
2022/04/03-11:52:31.056083 7fcb07508700   Options.hard_pending_compaction_bytes_limit: 274877906944
2022/04/03-11:52:31.056084 7fcb07508700       Options.rate_limit_delay_max_milliseconds: 100
2022/04/03-11:52:31.056085 7fcb07508700                Options.disable_auto_compactions: 0
2022/04/03-11:52:31.056086 7fcb07508700                        Options.compaction_style: kCompactionStyleLevel
2022/04/03-11:52:31.056092 7fcb07508700                          Options.compaction_pri: kMinOverlappingRatio
2022/04/03-11:52:31.056093 7fcb07508700 Options.compaction_options_universal.size_ratio: 1
2022/04/03-11:52:31.056094 7fcb07508700 Options.compaction_options_universal.min_merge_width: 2
2022/04/03-11:52:31.056094 7fcb07508700 Options.compaction_options_universal.max_merge_width: 4294967295
2022/04/03-11:52:31.056095 7fcb07508700 Options.compaction_options_universal.max_size_amplification_percent: 200
2022/04/03-11:52:31.056096 7fcb07508700 Options.compaction_options_universal.compression_size_percent: -1
2022/04/03-11:52:31.056097 7fcb07508700 Options.compaction_options_universal.stop_style: kCompactionStopStyleTotalSize
2022/04/03-11:52:31.056098 7fcb07508700 Options.compaction_options_fifo.max_table_files_size: 1073741824
2022/04/03-11:52:31.056098 7fcb07508700 Options.compaction_options_fifo.allow_compaction: 0
2022/04/03-11:52:31.056100 7fcb07508700                   Options.table_properties_collectors: 
2022/04/03-11:52:31.056101 7fcb07508700                   Options.inplace_update_support: 0
2022/04/03-11:52:31.056102 7fcb07508700                 Options.inplace_update_num_locks: 10000
2022/04/03-11:52:31.056103 7fcb07508700               Options.memtable_prefix_bloom_size_ratio: 0.000000
2022/04/03-11:52:31.056104 7fcb07508700               Options.memtable_whole_key_filtering: 0
2022/04/03-11:52:31.056105 7fcb07508700   Options.memtable_huge_page_size: 0
2022/04/03-11:52:31.056106 7fcb07508700                           Options.bloom_locality: 0
2022/04/03-11:52:31.056106 7fcb07508700                    Options.max_successive_merges: 0
2022/04/03-11:52:31.056107 7fcb07508700                Options.optimize_filters_for_hits: 0
2022/04/03-11:52:31.056108 7fcb07508700                Options.paranoid_file_checks: 0
2022/04/03-11:52:31.056109 7fcb07508700                Options.force_consistency_checks: 1
2022/04/03-11:52:31.056109 7fcb07508700                Options.report_bg_io_stats: 0
2022/04/03-11:52:31.056110 7fcb07508700                               Options.ttl: 2592000
2022/04/03-11:52:31.056111 7fcb07508700          Options.periodic_compaction_seconds: 0
2022/04/03-11:52:31.056112 7fcb07508700                    Options.enable_blob_files: false
2022/04/03-11:52:31.056112 7fcb07508700                        Options.min_blob_size: 0
2022/04/03-11:52:31.056113 7fcb07508700                       Options.blob_file_size: 268435456
2022/04/03-11:52:31.056114 7fcb07508700                Options.blob_compression_type: NoCompression
2022/04/03-11:52:31.056115 7fcb07508700       Options.enable_blob_garbage_collection: false
2022/04/03-11:52:31.056116 7fcb07508700   Options.blob_garbage_collection_age_cutoff: 0.250000
2022/04/03-11:52:31.056147 7fcb07508700 [/column_family.cc:597] --------------- Options for column family []:
2022/04/03-11:52:31.056149 7fcb07508700               Options.comparator: leveldb.BytewiseComparator
2022/04/03-11:52:31.056150 7fcb07508700           Options.merge_operator: None
2022/04/03-11:52:31.056150 7fcb07508700        Options.compaction_filter: None
2022/04/03-11:52:31.056151 7fcb07508700        Options.compaction_filter_factory: None
2022/04/03-11:52:31.056152 7fcb07508700  Options.sst_partitioner_factory: None
2022/04/03-11:52:31.056153 7fcb07508700         Options.memtable_factory: SkipListFactory
2022/04/03-11:52:31.056154 7fcb07508700            Options.table_factory: BlockBasedTable
2022/04/03-11:52:31.056172 7fcb07508700            table_factory options:   flush_block_policy_factory: FlushBlockBySizePolicyFactory (0x7fcb015942e0)
  cache_index_and_filter_blocks: 0
  cache_index_and_filter_blocks_with_high_priority: 1
  pin_l0_filter_and_index_blocks_in_cache: 0
  pin_top_level_index_and_filter: 1
  index_type: 0
  data_block_index_type: 0
  index_shortening: 1
  data_block_hash_table_util_ratio: 0.750000
  hash_index_allow_collision: 1
  checksum: 1
  no_block_cache: 0
  block_cache: 0x7fcb01594320
  block_cache_name: LRUCache
  block_cache_options:
    capacity : 8388608
    num_shard_bits : 4
    strict_capacity_limit : 0
    memory_allocator : None
    high_pri_pool_ratio: 0.000
  block_cache_compressed: (nil)
  persistent_cache: (nil)
  block_size: 4096
  block_size_deviation: 10
  block_restart_interval: 16
  index_block_restart_interval: 1
  metadata_block_size: 4096
  partition_filters: 0
  use_delta_encoding: 1
  filter_policy: nullptr
  whole_key_filtering: 1
  verify_compression: 0
  read_amp_bytes_per_bit: 0
  format_version: 4
  enable_index_compression: 1
  block_align: 0
2022/04/03-11:52:31.056179 7fcb07508700        Options.write_buffer_size: 67108864
2022/04/03-11:52:31.056180 7fcb07508700  Options.max_write_buffer_number: 2
2022/04/03-11:52:31.056181 7fcb07508700          Options.compression: Snappy
2022/04/03-11:52:31.056182 7fcb07508700                  Options.bottommost_compression: Disabled
2022/04/03-11:52:31.056183 7fcb07508700       Options.prefix_extractor: nullptr
2022/04/03-11:52:31.056184 7fcb07508700   Options.memtable_insert_with_hint_prefix_extractor: nullptr
2022/04/03-11:52:31.056185 7fcb07508700             Options.num_levels: 7
2022/04/03-11:52:31.056185 7fcb07508700        Options.min_write_buffer_number_to_merge: 1
2022/04/03-11:52:31.056186 7fcb07508700     Options.max_write_buffer_number_to_maintain: 0
2022/04/03-11:52:31.056187 7fcb07508700     Options.max_write_buffer_size_to_maintain: 134217728
2022/04/03-11:52:31.056188 7fcb07508700            Options.bottommost_compression_opts.window_bits: -14
2022/04/03-11:52:31.056189 7fcb07508700                  Options.bottommost_compression_opts.level: 32767
2022/04/03-11:52:31.056189 7fcb07508700               Options.bottommost_compression_opts.strategy: 0
2022/04/03-11:52:31.056190 7fcb07508700         Options.bottommost_compression_opts.max_dict_bytes: 0
2022/04/03-11:52:31.056191 7fcb07508700         Options.bottommost_compression_opts.zstd_max_train_bytes: 0
2022/04/03-11:52:31.056192 7fcb07508700         Options.bottommost_compression_opts.parallel_threads: 1
2022/04/03-11:52:31.056192 7fcb07508700                  Options.bottommost_compression_opts.enabled: false
2022/04/03-11:52:31.056193 7fcb07508700            Options.compression_opts.window_bits: -14
2022/04/03-11:52:31.056194 7fcb07508700                  Options.compression_opts.level: 32767
2022/04/03-11:52:31.056195 7fcb07508700               Options.compression_opts.strategy: 0
2022/04/03-11:52:31.056196 7fcb07508700         Options.compression_opts.max_dict_bytes: 0
2022/04/03-11:52:31.056196 7fcb07508700         Options.compression_opts.zstd_max_train_bytes: 0
2022/04/03-11:52:31.056197 7fcb07508700         Options.compression_opts.parallel_threads: 1
2022/04/03-11:52:31.056198 7fcb07508700                  Options.compression_opts.enabled: false
2022/04/03-11:52:31.056199 7fcb07508700      Options.level0_file_num_compaction_trigger: 4
2022/04/03-11:52:31.056199 7fcb07508700          Options.level0_slowdown_writes_trigger: 20
2022/04/03-11:52:31.056200 7fcb07508700              Options.level0_stop_writes_trigger: 36
2022/04/03-11:52:31.056201 7fcb07508700                   Options.target_file_size_base: 67108864
2022/04/03-11:52:31.056202 7fcb07508700             Options.target_file_size_multiplier: 1
2022/04/03-11:52:31.056203 7fcb07508700                Options.max_bytes_for_level_base: 268435456
2022/04/03-11:52:31.056203 7fcb07508700 Options.level_compaction_dynamic_level_bytes: 0
2022/04/03-11:52:31.056204 7fcb07508700          Options.max_bytes_for_level_multiplier: 10.000000
2022/04/03-11:52:31.056205 7fcb07508700 Options.max_bytes_for_level_multiplier_addtl[0]: 1
2022/04/03-11:52:31.056206 7fcb07508700 Options.max_bytes_for_level_multiplier_addtl[1]: 1
2022/04/03-11:52:31.056207 7fcb07508700 Options.max_bytes_for_level_multiplier_addtl[2]: 1
2022/04/03-11:52:31.056208 7fcb07508700 Options.max_bytes_for_level_multiplier_addtl[3]: 1
2022/04/03-11:52:31.056209 7fcb07508700 Options.max_bytes_for_level_multiplier_addtl[4]: 1
2022/04/03-11:52:31.056209 7fcb07508700 Options.max_bytes_for_level_multiplier_addtl[5]: 1
2022/04/03-11:52:31.056215 7fcb07508700 Options.max_bytes_for_level_multiplier_addtl[6]: 1
2022/04/03-11:52:31.056216 7fcb07508700       Options.max_sequential_skip_in_iterations: 8
2022/04/03-11:52:31.056217 7fcb07508700                    Options.max_compaction_bytes: 1677721600
2022/04/03-11:52:31.056218 7fcb07508700                        Options.arena_block_size: 8388608
2022/04/03-11:52:31.056218 7fcb07508700   Options.soft_pending_compaction_bytes_limit: 68719476736
2022/04/03-11:52:31.056219 7fcb07508700   Options.hard_pending_compaction_bytes_limit: 274877906944
2022/04/03-11:52:31.056220 7fcb07508700       Options.rate_limit_delay_max_milliseconds: 100
2022/04/03-11:52:31.056221 7fcb07508700                Options.disable_auto_compactions: 0
2022/04/03-11:52:31.056222 7fcb07508700                        Options.compaction_style: kCompactionStyleLevel
2022/04/03-11:52:31.056223 7fcb07508700                          Options.compaction_pri: kMinOverlappingRatio
2022/04/03-11:52:31.056223 7fcb07508700 Options.compaction_options_universal.size_ratio: 1
2022/04/03-11:52:31.056224 7fcb07508700 Options.compaction_options_universal.min_merge_width: 2
2022/04/03-11:52:31.056225 7fcb07508700 Options.compaction_options_universal.max_merge_width: 4294967295
2022/04/03-11:52:31.056226 7fcb07508700 Options.compaction_options_universal.max_size_amplification_percent: 200
2022/04/03-11:52:31.056227 7fcb07508700 Options.compaction_options_universal.compression_size_percent: -1
2022/04/03-11:52:31.056227 7fcb07508700 Options.compaction_options_universal.stop_style: kCompactionStopStyleTotalSize
2022/04/03-11:52:31.056228 7fcb07508700 Options.compaction_options_fifo.max_table_files_size: 1073741824
2022/04/03-11:52:31.056229 7fcb07508700 Options.compaction_options_fifo.allow_compaction: 0
2022/04/03-11:52:31.056231 7fcb07508700                   Options.table_properties_collectors: 
2022/04/03-11:52:31.056232 7fcb07508700                   Options.inplace_update_support: 0
2022/04/03-11:52:31.056232 7fcb07508700                 Options.inplace_update_num_locks: 10000
2022/04/03-11:52:31.056233 7fcb07508700               Options.memtable_prefix_bloom_size_ratio: 0.000000
2022/04/03-11:52:31.056234 7fcb07508700               Options.memtable_whole_key_filtering: 0
2022/04/03-11:52:31.056235 7fcb07508700   Options.memtable_huge_page_size: 0
2022/04/03-11:52:31.056236 7fcb07508700                           Options.bloom_locality: 0
2022/04/03-11:52:31.056237 7fcb07508700                    Options.max_successive_merges: 0
2022/04/03-11:52:31.056237 7fcb07508700                Options.optimize_filters_for_hits: 0
2022/04/03-11:52:31.056238 7fcb07508700                Options.paranoid_file_checks: 0
2022/04/03-11:52:31.056239 7fcb07508700                Options.force_consistency_checks: 1
2022/04/03-11:52:31.056240 7fcb07508700                Options.report_bg_io_stats: 0
2022/04/03-11:52:31.056240 7fcb07508700                               Options.ttl: 2592000
2022/04/03-11:52:31.056241 7fcb07508700          Options.periodic_compaction_seconds: 0
2022/04/03-11:52:31.056242 7fcb07508700                    Options.enable_blob_files: false
2022/04/03-11:52:31.056243 7fcb07508700                        Options.min_blob_size: 0
2022/04/03-11:52:31.056244 7fcb07508700                       Options.blob_file_size: 268435456
2022/04/03-11:52:31.056244 7fcb07508700                Options.blob_compression_type: NoCompression
2022/04/03-11:52:31.056245 7fcb07508700       Options.enable_blob_garbage_collection: false
2022/04/03-11:52:31.056246 7fcb07508700   Options.blob_garbage_collection_age_cutoff: 0.250000
2022/04/03-11:52:31.056269 7fcb07508700 [/column_family.cc:597] --------------- Options for column family []:
2022/04/03-11:52:31.056271 7fcb07508700               Options.comparator: leveldb.BytewiseComparator
2022/04/03-11:52:31.056271 7fcb07508700           Options.merge_operator: None
2022/04/03-11:52:31.056272 7fcb07508700        Options.compaction_filter: None
2022/04/03-11:52:31.056273 7fcb07508700        Options.compaction_filter_factory: None
2022/04/03-11:52:31.056280 7fcb07508700  Options.sst_partitioner_factory: None
2022/04/03-11:52:31.056281 7fcb07508700         Options.memtable_factory: SkipListFactory
2022/04/03-11:52:31.056282 7fcb07508700            Options.table_factory: BlockBasedTable
2022/04/03-11:52:31.056297 7fcb07508700            table_factory options:   flush_block_policy_factory: FlushBlockBySizePolicyFactory (0x7fcb01596040)
  cache_index_and_filter_blocks: 0
  cache_index_and_filter_blocks_with_high_priority: 1
  pin_l0_filter_and_index_blocks_in_cache: 0
  pin_top_level_index_and_filter: 1
  index_type: 0
  data_block_index_type: 0
  index_shortening: 1
  data_block_hash_table_util_ratio: 0.750000
  hash_index_allow_collision: 1
  checksum: 1
  no_block_cache: 0
  block_cache: 0x7fcb01596080
  block_cache_name: LRUCache
  block_cache_options:
    capacity : 8388608
    num_shard_bits : 4
    strict_capacity_limit : 0
    memory_allocator : None
    high_pri_pool_ratio: 0.000
  block_cache_compressed: (nil)
  persistent_cache: (nil)
  block_size: 4096
  block_size_deviation: 10
  block_restart_interval: 16
  index_block_restart_interval: 1
  metadata_block_size: 4096
  partition_filters: 0
  use_delta_encoding: 1
  filter_policy: nullptr
  whole_key_filtering: 1
  verify_compression: 0
  read_amp_bytes_per_bit: 0
  format_version: 4
  enable_index_compression: 1
  block_align: 0
2022/04/03-11:52:31.056298 7fcb07508700        Options.write_buffer_size: 67108864
2022/04/03-11:52:31.056299 7fcb07508700  Options.max_write_buffer_number: 2
2022/04/03-11:52:31.056300 7fcb07508700          Options.compression: Snappy
2022/04/03-11:52:31.056301 7fcb07508700                  Options.bottommost_compression: Disabled
2022/04/03-11:52:31.056302 7fcb07508700       Options.prefix_extractor: nullptr
2022/04/03-11:52:31.056302 7fcb07508700   Options.memtable_insert_with_hint_prefix_extractor: nullptr
2022/04/03-11:52:31.056303 7fcb07508700             Options.num_levels: 7
2022/04/03-11:52:31.056304 7fcb07508700        Options.min_write_buffer_number_to_merge: 1
2022/04/03-11:52:31.056305 7fcb07508700     Options.max_write_buffer_number_to_maintain: 0
2022/04/03-11:52:31.056306 7fcb07508700     Options.max_write_buffer_size_to_maintain: 134217728
2022/04/03-11:52:31.056306 7fcb07508700            Options.bottommost_compression_opts.window_bits: -14
2022/04/03-11:52:31.056307 7fcb07508700                  Options.bottommost_compression_opts.level: 32767
2022/04/03-11:52:31.056308 7fcb07508700               Options.bottommost_compression_opts.strategy: 0
2022/04/03-11:52:31.056309 7fcb07508700         Options.bottommost_compression_opts.max_dict_bytes: 0
2022/04/03-11:52:31.056310 7fcb07508700         Options.bottommost_compression_opts.zstd_max_train_bytes: 0
2022/04/03-11:52:31.056310 7fcb07508700         Options.bottommost_compression_opts.parallel_threads: 1
2022/04/03-11:52:31.056311 7fcb07508700                  Options.bottommost_compression_opts.enabled: false
