2022/04/03-11:25:54.971558 7f6170782700 RocksDB version: 6.15.2
2022/04/03-11:25:54.971631 7f6170782700 Git sha rocksdb_build_git_sha:
2022/04/03-11:25:54.971633 7f6170782700 Compile date Jan  4 2021
2022/04/03-11:25:54.971701 7f6170782700 DB SUMMARY
2022/04/03-11:25:54.971703 7f6170782700 DB Session ID:  XGTJH0YRD2QVTY9PO7LR
2022/04/03-11:25:54.971725 7f6170782700 SST files in /home/kareemikassab/Besu_Practice/edx/Clique-Network/Node-1/data/database dir, Total Num: 0, files: 
2022/04/03-11:25:54.971727 7f6170782700 Write Ahead Log file in /home/kareemikassab/Besu_Practice/edx/Clique-Network/Node-1/data/database: 
2022/04/03-11:25:54.971729 7f6170782700                         Options.error_if_exists: 0
2022/04/03-11:25:54.971730 7f6170782700                       Options.create_if_missing: 1
2022/04/03-11:25:54.971731 7f6170782700                         Options.paranoid_checks: 1
2022/04/03-11:25:54.971732 7f6170782700                               Options.track_and_verify_wals_in_manifest: 0
2022/04/03-11:25:54.971733 7f6170782700                                     Options.env: 0x7f60d3fbc3c0
2022/04/03-11:25:54.971734 7f6170782700                                      Options.fs: Posix File System
2022/04/03-11:25:54.971735 7f6170782700                                Options.info_log: 0x7f616d5cf3e0
2022/04/03-11:25:54.971735 7f6170782700                Options.max_file_opening_threads: 16
2022/04/03-11:25:54.971736 7f6170782700                              Options.statistics: 0x7f616d55e380
2022/04/03-11:25:54.971737 7f6170782700                               Options.use_fsync: 0
2022/04/03-11:25:54.971738 7f6170782700                       Options.max_log_file_size: 0
2022/04/03-11:25:54.971739 7f6170782700                  Options.max_manifest_file_size: 1073741824
2022/04/03-11:25:54.971739 7f6170782700                   Options.log_file_time_to_roll: 0
2022/04/03-11:25:54.971740 7f6170782700                       Options.keep_log_file_num: 1000
2022/04/03-11:25:54.971741 7f6170782700                    Options.recycle_log_file_num: 0
2022/04/03-11:25:54.971742 7f6170782700                         Options.allow_fallocate: 1
2022/04/03-11:25:54.971743 7f6170782700                        Options.allow_mmap_reads: 0
2022/04/03-11:25:54.971743 7f6170782700                       Options.allow_mmap_writes: 0
2022/04/03-11:25:54.971744 7f6170782700                        Options.use_direct_reads: 0
2022/04/03-11:25:54.971745 7f6170782700                        Options.use_direct_io_for_flush_and_compaction: 0
2022/04/03-11:25:54.971746 7f6170782700          Options.create_missing_column_families: 1
2022/04/03-11:25:54.971747 7f6170782700                              Options.db_log_dir: 
2022/04/03-11:25:54.971747 7f6170782700                                 Options.wal_dir: /home/kareemikassab/Besu_Practice/edx/Clique-Network/Node-1/data/database
2022/04/03-11:25:54.971748 7f6170782700                Options.table_cache_numshardbits: 6
2022/04/03-11:25:54.971749 7f6170782700                         Options.WAL_ttl_seconds: 0
2022/04/03-11:25:54.971750 7f6170782700                       Options.WAL_size_limit_MB: 0
2022/04/03-11:25:54.971751 7f6170782700                        Options.max_write_batch_group_size_bytes: 1048576
2022/04/03-11:25:54.971751 7f6170782700             Options.manifest_preallocation_size: 4194304
2022/04/03-11:25:54.971752 7f6170782700                     Options.is_fd_close_on_exec: 1
2022/04/03-11:25:54.971753 7f6170782700                   Options.advise_random_on_open: 1
2022/04/03-11:25:54.971754 7f6170782700                    Options.db_write_buffer_size: 0
2022/04/03-11:25:54.971754 7f6170782700                    Options.write_buffer_manager: 0x7f616d5d0760
2022/04/03-11:25:54.971755 7f6170782700         Options.access_hint_on_compaction_start: 1
2022/04/03-11:25:54.971756 7f6170782700  Options.new_table_reader_for_compaction_inputs: 0
2022/04/03-11:25:54.971757 7f6170782700           Options.random_access_max_buffer_size: 1048576
2022/04/03-11:25:54.971758 7f6170782700                      Options.use_adaptive_mutex: 0
2022/04/03-11:25:54.971758 7f6170782700                            Options.rate_limiter: (nil)
2022/04/03-11:25:54.971769 7f6170782700     Options.sst_file_manager.rate_bytes_per_sec: 0
2022/04/03-11:25:54.971770 7f6170782700                       Options.wal_recovery_mode: 2
2022/04/03-11:25:54.971771 7f6170782700                  Options.enable_thread_tracking: 0
2022/04/03-11:25:54.971790 7f6170782700                  Options.enable_pipelined_write: 0
2022/04/03-11:25:54.971791 7f6170782700                  Options.unordered_write: 0
2022/04/03-11:25:54.971792 7f6170782700         Options.allow_concurrent_memtable_write: 1
2022/04/03-11:25:54.971793 7f6170782700      Options.enable_write_thread_adaptive_yield: 1
2022/04/03-11:25:54.971794 7f6170782700             Options.write_thread_max_yield_usec: 100
2022/04/03-11:25:54.971794 7f6170782700            Options.write_thread_slow_yield_usec: 3
2022/04/03-11:25:54.971795 7f6170782700                               Options.row_cache: None
2022/04/03-11:25:54.971796 7f6170782700                              Options.wal_filter: None
2022/04/03-11:25:54.971797 7f6170782700             Options.avoid_flush_during_recovery: 0
2022/04/03-11:25:54.971798 7f6170782700             Options.allow_ingest_behind: 0
2022/04/03-11:25:54.971799 7f6170782700             Options.preserve_deletes: 0
2022/04/03-11:25:54.971799 7f6170782700             Options.two_write_queues: 0
2022/04/03-11:25:54.971800 7f6170782700             Options.manual_wal_flush: 0
2022/04/03-11:25:54.971801 7f6170782700             Options.atomic_flush: 0
2022/04/03-11:25:54.971802 7f6170782700             Options.avoid_unnecessary_blocking_io: 0
2022/04/03-11:25:54.971802 7f6170782700                 Options.persist_stats_to_disk: 0
2022/04/03-11:25:54.971803 7f6170782700                 Options.write_dbid_to_manifest: 0
2022/04/03-11:25:54.971804 7f6170782700                 Options.log_readahead_size: 0
2022/04/03-11:25:54.971805 7f6170782700                 Options.file_checksum_gen_factory: Unknown
2022/04/03-11:25:54.971806 7f6170782700                 Options.best_efforts_recovery: 0
2022/04/03-11:25:54.971807 7f6170782700                Options.max_bgerror_resume_count: 2147483647
2022/04/03-11:25:54.971807 7f6170782700            Options.bgerror_resume_retry_interval: 1000000
2022/04/03-11:25:54.971808 7f6170782700             Options.allow_data_in_errors: 0
2022/04/03-11:25:54.971809 7f6170782700             Options.db_host_id: __hostname__
2022/04/03-11:25:54.971811 7f6170782700             Options.max_background_jobs: 2
2022/04/03-11:25:54.971811 7f6170782700             Options.max_background_compactions: 4
2022/04/03-11:25:54.971812 7f6170782700             Options.max_subcompactions: 1
2022/04/03-11:25:54.971814 7f6170782700             Options.avoid_flush_during_shutdown: 0
2022/04/03-11:25:54.971815 7f6170782700           Options.writable_file_max_buffer_size: 1048576
2022/04/03-11:25:54.971817 7f6170782700             Options.delayed_write_rate : 16777216
2022/04/03-11:25:54.971818 7f6170782700             Options.max_total_wal_size: 0
2022/04/03-11:25:54.971820 7f6170782700             Options.delete_obsolete_files_period_micros: 21600000000
2022/04/03-11:25:54.971821 7f6170782700                   Options.stats_dump_period_sec: 600
2022/04/03-11:25:54.971823 7f6170782700                 Options.stats_persist_period_sec: 600
2022/04/03-11:25:54.971824 7f6170782700                 Options.stats_history_buffer_size: 1048576
2022/04/03-11:25:54.971825 7f6170782700                          Options.max_open_files: 1024
2022/04/03-11:25:54.971827 7f6170782700                          Options.bytes_per_sync: 0
2022/04/03-11:25:54.971827 7f6170782700                      Options.wal_bytes_per_sync: 0
2022/04/03-11:25:54.971828 7f6170782700                   Options.strict_bytes_per_sync: 0
2022/04/03-11:25:54.971829 7f6170782700       Options.compaction_readahead_size: 0
2022/04/03-11:25:54.971830 7f6170782700                  Options.max_background_flushes: -1
2022/04/03-11:25:54.971831 7f6170782700 Compression algorithms supported:
2022/04/03-11:25:54.971832 7f6170782700 	kZSTDNotFinalCompression supported: 1
2022/04/03-11:25:54.971874 7f6170782700 	kZSTD supported: 1
2022/04/03-11:25:54.971876 7f6170782700 	kXpressCompression supported: 0
2022/04/03-11:25:54.971877 7f6170782700 	kLZ4HCCompression supported: 1
2022/04/03-11:25:54.971878 7f6170782700 	kLZ4Compression supported: 1
2022/04/03-11:25:54.971879 7f6170782700 	kBZip2Compression supported: 1
2022/04/03-11:25:54.971879 7f6170782700 	kZlibCompression supported: 1
2022/04/03-11:25:54.971880 7f6170782700 	kSnappyCompression supported: 1
2022/04/03-11:25:54.971884 7f6170782700 Fast CRC32 supported: Not supported on x86
2022/04/03-11:25:55.080620 7f6170782700 [/db_impl/db_impl_open.cc:281] Creating manifest 1 
2022/04/03-11:25:55.181543 7f6170782700 [/version_set.cc:4725] Recovering from manifest file: /home/kareemikassab/Besu_Practice/edx/Clique-Network/Node-1/data/database/MANIFEST-000001
2022/04/03-11:25:55.181768 7f6170782700 [/column_family.cc:597] --------------- Options for column family [default]:
2022/04/03-11:25:55.181773 7f6170782700               Options.comparator: leveldb.BytewiseComparator
2022/04/03-11:25:55.181775 7f6170782700           Options.merge_operator: None
2022/04/03-11:25:55.181776 7f6170782700        Options.compaction_filter: None
2022/04/03-11:25:55.181777 7f6170782700        Options.compaction_filter_factory: None
2022/04/03-11:25:55.181778 7f6170782700  Options.sst_partitioner_factory: None
2022/04/03-11:25:55.181780 7f6170782700         Options.memtable_factory: SkipListFactory
2022/04/03-11:25:55.181781 7f6170782700            Options.table_factory: BlockBasedTable
2022/04/03-11:25:55.181818 7f6170782700            table_factory options:   flush_block_policy_factory: FlushBlockBySizePolicyFactory (0x7f616d568170)
  cache_index_and_filter_blocks: 0
  cache_index_and_filter_blocks_with_high_priority: 1
  pin_l0_filter_and_index_blocks_in_cache: 0
  pin_top_level_index_and_filter: 1
  index_type: 0
  data_block_index_type: 0
  index_shortening: 1
  data_block_hash_table_util_ratio: 0.750000
  hash_index_allow_collision: 1
  checksum: 1
  no_block_cache: 0
  block_cache: 0x7f616d565c60
  block_cache_name: LRUCache
  block_cache_options:
    capacity : 8388608
    num_shard_bits : 4
    strict_capacity_limit : 0
    memory_allocator : None
    high_pri_pool_ratio: 0.000
  block_cache_compressed: (nil)
  persistent_cache: (nil)
  block_size: 4096
  block_size_deviation: 10
  block_restart_interval: 16
  index_block_restart_interval: 1
  metadata_block_size: 4096
  partition_filters: 0
  use_delta_encoding: 1
  filter_policy: nullptr
  whole_key_filtering: 1
  verify_compression: 0
  read_amp_bytes_per_bit: 0
  format_version: 4
  enable_index_compression: 1
  block_align: 0
2022/04/03-11:25:55.181822 7f6170782700        Options.write_buffer_size: 67108864
2022/04/03-11:25:55.181823 7f6170782700  Options.max_write_buffer_number: 2
2022/04/03-11:25:55.181825 7f6170782700          Options.compression: Snappy
2022/04/03-11:25:55.181826 7f6170782700                  Options.bottommost_compression: Disabled
2022/04/03-11:25:55.181827 7f6170782700       Options.prefix_extractor: nullptr
2022/04/03-11:25:55.181828 7f6170782700   Options.memtable_insert_with_hint_prefix_extractor: nullptr
2022/04/03-11:25:55.181830 7f6170782700             Options.num_levels: 7
2022/04/03-11:25:55.181831 7f6170782700        Options.min_write_buffer_number_to_merge: 1
2022/04/03-11:25:55.181832 7f6170782700     Options.max_write_buffer_number_to_maintain: 0
2022/04/03-11:25:55.181833 7f6170782700     Options.max_write_buffer_size_to_maintain: 134217728
2022/04/03-11:25:55.181834 7f6170782700            Options.bottommost_compression_opts.window_bits: -14
2022/04/03-11:25:55.181835 7f6170782700                  Options.bottommost_compression_opts.level: 32767
2022/04/03-11:25:55.181837 7f6170782700               Options.bottommost_compression_opts.strategy: 0
2022/04/03-11:25:55.181838 7f6170782700         Options.bottommost_compression_opts.max_dict_bytes: 0
2022/04/03-11:25:55.181839 7f6170782700         Options.bottommost_compression_opts.zstd_max_train_bytes: 0
2022/04/03-11:25:55.181862 7f6170782700         Options.bottommost_compression_opts.parallel_threads: 1
2022/04/03-11:25:55.181864 7f6170782700                  Options.bottommost_compression_opts.enabled: false
2022/04/03-11:25:55.181866 7f6170782700            Options.compression_opts.window_bits: -14
2022/04/03-11:25:55.181867 7f6170782700                  Options.compression_opts.level: 32767
2022/04/03-11:25:55.181868 7f6170782700               Options.compression_opts.strategy: 0
2022/04/03-11:25:55.181869 7f6170782700         Options.compression_opts.max_dict_bytes: 0
2022/04/03-11:25:55.181870 7f6170782700         Options.compression_opts.zstd_max_train_bytes: 0
2022/04/03-11:25:55.181871 7f6170782700         Options.compression_opts.parallel_threads: 1
2022/04/03-11:25:55.181873 7f6170782700                  Options.compression_opts.enabled: false
2022/04/03-11:25:55.181874 7f6170782700      Options.level0_file_num_compaction_trigger: 4
2022/04/03-11:25:55.181875 7f6170782700          Options.level0_slowdown_writes_trigger: 20
2022/04/03-11:25:55.181876 7f6170782700              Options.level0_stop_writes_trigger: 36
2022/04/03-11:25:55.181877 7f6170782700                   Options.target_file_size_base: 67108864
2022/04/03-11:25:55.181878 7f6170782700             Options.target_file_size_multiplier: 1
2022/04/03-11:25:55.181880 7f6170782700                Options.max_bytes_for_level_base: 268435456
2022/04/03-11:25:55.181881 7f6170782700 Options.level_compaction_dynamic_level_bytes: 0
2022/04/03-11:25:55.181882 7f6170782700          Options.max_bytes_for_level_multiplier: 10.000000
2022/04/03-11:25:55.181885 7f6170782700 Options.max_bytes_for_level_multiplier_addtl[0]: 1
2022/04/03-11:25:55.181886 7f6170782700 Options.max_bytes_for_level_multiplier_addtl[1]: 1
2022/04/03-11:25:55.181887 7f6170782700 Options.max_bytes_for_level_multiplier_addtl[2]: 1
2022/04/03-11:25:55.181888 7f6170782700 Options.max_bytes_for_level_multiplier_addtl[3]: 1
2022/04/03-11:25:55.181890 7f6170782700 Options.max_bytes_for_level_multiplier_addtl[4]: 1
2022/04/03-11:25:55.181891 7f6170782700 Options.max_bytes_for_level_multiplier_addtl[5]: 1
2022/04/03-11:25:55.181892 7f6170782700 Options.max_bytes_for_level_multiplier_addtl[6]: 1
2022/04/03-11:25:55.181893 7f6170782700       Options.max_sequential_skip_in_iterations: 8
2022/04/03-11:25:55.181894 7f6170782700                    Options.max_compaction_bytes: 1677721600
2022/04/03-11:25:55.181895 7f6170782700                        Options.arena_block_size: 8388608
2022/04/03-11:25:55.181897 7f6170782700   Options.soft_pending_compaction_bytes_limit: 68719476736
2022/04/03-11:25:55.181898 7f6170782700   Options.hard_pending_compaction_bytes_limit: 274877906944
2022/04/03-11:25:55.181899 7f6170782700       Options.rate_limit_delay_max_milliseconds: 100
2022/04/03-11:25:55.181900 7f6170782700                Options.disable_auto_compactions: 0
2022/04/03-11:25:55.181902 7f6170782700                        Options.compaction_style: kCompactionStyleLevel
2022/04/03-11:25:55.181903 7f6170782700                          Options.compaction_pri: kMinOverlappingRatio
2022/04/03-11:25:55.181904 7f6170782700 Options.compaction_options_universal.size_ratio: 1
2022/04/03-11:25:55.181906 7f6170782700 Options.compaction_options_universal.min_merge_width: 2
2022/04/03-11:25:55.181907 7f6170782700 Options.compaction_options_universal.max_merge_width: 4294967295
2022/04/03-11:25:55.181908 7f6170782700 Options.compaction_options_universal.max_size_amplification_percent: 200
2022/04/03-11:25:55.181909 7f6170782700 Options.compaction_options_universal.compression_size_percent: -1
2022/04/03-11:25:55.181910 7f6170782700 Options.compaction_options_universal.stop_style: kCompactionStopStyleTotalSize
2022/04/03-11:25:55.181912 7f6170782700 Options.compaction_options_fifo.max_table_files_size: 1073741824
2022/04/03-11:25:55.181913 7f6170782700 Options.compaction_options_fifo.allow_compaction: 0
2022/04/03-11:25:55.181920 7f6170782700                   Options.table_properties_collectors: 
2022/04/03-11:25:55.181928 7f6170782700                   Options.inplace_update_support: 0
2022/04/03-11:25:55.181930 7f6170782700                 Options.inplace_update_num_locks: 10000
2022/04/03-11:25:55.181931 7f6170782700               Options.memtable_prefix_bloom_size_ratio: 0.000000
2022/04/03-11:25:55.181933 7f6170782700               Options.memtable_whole_key_filtering: 0
2022/04/03-11:25:55.181934 7f6170782700   Options.memtable_huge_page_size: 0
2022/04/03-11:25:55.181935 7f6170782700                           Options.bloom_locality: 0
2022/04/03-11:25:55.181936 7f6170782700                    Options.max_successive_merges: 0
2022/04/03-11:25:55.181937 7f6170782700                Options.optimize_filters_for_hits: 0
2022/04/03-11:25:55.181938 7f6170782700                Options.paranoid_file_checks: 0
2022/04/03-11:25:55.181940 7f6170782700                Options.force_consistency_checks: 1
2022/04/03-11:25:55.181941 7f6170782700                Options.report_bg_io_stats: 0
2022/04/03-11:25:55.181942 7f6170782700                               Options.ttl: 2592000
2022/04/03-11:25:55.181943 7f6170782700          Options.periodic_compaction_seconds: 0
2022/04/03-11:25:55.181944 7f6170782700                    Options.enable_blob_files: false
2022/04/03-11:25:55.181945 7f6170782700                        Options.min_blob_size: 0
2022/04/03-11:25:55.181946 7f6170782700                       Options.blob_file_size: 268435456
2022/04/03-11:25:55.181948 7f6170782700                Options.blob_compression_type: NoCompression
2022/04/03-11:25:55.181949 7f6170782700       Options.enable_blob_garbage_collection: false
2022/04/03-11:25:55.181950 7f6170782700   Options.blob_garbage_collection_age_cutoff: 0.250000
2022/04/03-11:25:55.182651 7f6170782700 [/version_set.cc:4773] Recovered from manifest file:/home/kareemikassab/Besu_Practice/edx/Clique-Network/Node-1/data/database/MANIFEST-000001 succeeded,manifest_file_number is 1, next_file_number is 3, last_sequence is 0, log_number is 0,prev_log_number is 0,max_column_family is 0,min_log_number_to_keep is 0
2022/04/03-11:25:55.182659 7f6170782700 [/version_set.cc:4782] Column family [default] (ID 0), log number is 0
2022/04/03-11:25:55.182780 7f6170782700 [/version_set.cc:4083] Creating manifest 3
2022/04/03-11:25:55.309123 7f6170782700 [/column_family.cc:597] --------------- Options for column family []:
2022/04/03-11:25:55.309149 7f6170782700               Options.comparator: leveldb.BytewiseComparator
2022/04/03-11:25:55.309154 7f6170782700           Options.merge_operator: None
2022/04/03-11:25:55.309158 7f6170782700        Options.compaction_filter: None
2022/04/03-11:25:55.309161 7f6170782700        Options.compaction_filter_factory: None
2022/04/03-11:25:55.309164 7f6170782700  Options.sst_partitioner_factory: None
2022/04/03-11:25:55.309167 7f6170782700         Options.memtable_factory: SkipListFactory
2022/04/03-11:25:55.309170 7f6170782700            Options.table_factory: BlockBasedTable
2022/04/03-11:25:55.309260 7f6170782700            table_factory options:   flush_block_policy_factory: FlushBlockBySizePolicyFactory (0x7f616d550f20)
  cache_index_and_filter_blocks: 0
  cache_index_and_filter_blocks_with_high_priority: 1
  pin_l0_filter_and_index_blocks_in_cache: 0
  pin_top_level_index_and_filter: 1
  index_type: 0
  data_block_index_type: 0
  index_shortening: 1
  data_block_hash_table_util_ratio: 0.750000
  hash_index_allow_collision: 1
  checksum: 1
  no_block_cache: 0
  block_cache: 0x7f616d550f60
  block_cache_name: LRUCache
  block_cache_options:
    capacity : 8388608
    num_shard_bits : 4
    strict_capacity_limit : 0
    memory_allocator : None
    high_pri_pool_ratio: 0.000
  block_cache_compressed: (nil)
  persistent_cache: (nil)
  block_size: 4096
  block_size_deviation: 10
  block_restart_interval: 16
  index_block_restart_interval: 1
  metadata_block_size: 4096
  partition_filters: 0
  use_delta_encoding: 1
  filter_policy: nullptr
  whole_key_filtering: 1
  verify_compression: 0
  read_amp_bytes_per_bit: 0
  format_version: 4
  enable_index_compression: 1
  block_align: 0
2022/04/03-11:25:55.309266 7f6170782700        Options.write_buffer_size: 67108864
2022/04/03-11:25:55.309269 7f6170782700  Options.max_write_buffer_number: 2
2022/04/03-11:25:55.309273 7f6170782700          Options.compression: Snappy
2022/04/03-11:25:55.309277 7f6170782700                  Options.bottommost_compression: Disabled
2022/04/03-11:25:55.309280 7f6170782700       Options.prefix_extractor: nullptr
2022/04/03-11:25:55.309283 7f6170782700   Options.memtable_insert_with_hint_prefix_extractor: nullptr
2022/04/03-11:25:55.309286 7f6170782700             Options.num_levels: 7
2022/04/03-11:25:55.309289 7f6170782700        Options.min_write_buffer_number_to_merge: 1
2022/04/03-11:25:55.309292 7f6170782700     Options.max_write_buffer_number_to_maintain: 0
2022/04/03-11:25:55.309296 7f6170782700     Options.max_write_buffer_size_to_maintain: 134217728
2022/04/03-11:25:55.309299 7f6170782700            Options.bottommost_compression_opts.window_bits: -14
2022/04/03-11:25:55.309302 7f6170782700                  Options.bottommost_compression_opts.level: 32767
2022/04/03-11:25:55.309305 7f6170782700               Options.bottommost_compression_opts.strategy: 0
2022/04/03-11:25:55.309308 7f6170782700         Options.bottommost_compression_opts.max_dict_bytes: 0
2022/04/03-11:25:55.309311 7f6170782700         Options.bottommost_compression_opts.zstd_max_train_bytes: 0
2022/04/03-11:25:55.309314 7f6170782700         Options.bottommost_compression_opts.parallel_threads: 1
2022/04/03-11:25:55.309318 7f6170782700                  Options.bottommost_compression_opts.enabled: false
2022/04/03-11:25:55.309321 7f6170782700            Options.compression_opts.window_bits: -14
2022/04/03-11:25:55.309324 7f6170782700                  Options.compression_opts.level: 32767
2022/04/03-11:25:55.309327 7f6170782700               Options.compression_opts.strategy: 0
2022/04/03-11:25:55.309330 7f6170782700         Options.compression_opts.max_dict_bytes: 0
2022/04/03-11:25:55.309333 7f6170782700         Options.compression_opts.zstd_max_train_bytes: 0
2022/04/03-11:25:55.309336 7f6170782700         Options.compression_opts.parallel_threads: 1
2022/04/03-11:25:55.309339 7f6170782700                  Options.compression_opts.enabled: false
2022/04/03-11:25:55.309413 7f6170782700      Options.level0_file_num_compaction_trigger: 4
2022/04/03-11:25:55.309417 7f6170782700          Options.level0_slowdown_writes_trigger: 20
2022/04/03-11:25:55.309421 7f6170782700              Options.level0_stop_writes_trigger: 36
2022/04/03-11:25:55.309424 7f6170782700                   Options.target_file_size_base: 67108864
2022/04/03-11:25:55.309427 7f6170782700             Options.target_file_size_multiplier: 1
2022/04/03-11:25:55.309430 7f6170782700                Options.max_bytes_for_level_base: 268435456
2022/04/03-11:25:55.309433 7f6170782700 Options.level_compaction_dynamic_level_bytes: 0
2022/04/03-11:25:55.309436 7f6170782700          Options.max_bytes_for_level_multiplier: 10.000000
2022/04/03-11:25:55.309443 7f6170782700 Options.max_bytes_for_level_multiplier_addtl[0]: 1
2022/04/03-11:25:55.309447 7f6170782700 Options.max_bytes_for_level_multiplier_addtl[1]: 1
2022/04/03-11:25:55.309450 7f6170782700 Options.max_bytes_for_level_multiplier_addtl[2]: 1
2022/04/03-11:25:55.309453 7f6170782700 Options.max_bytes_for_level_multiplier_addtl[3]: 1
2022/04/03-11:25:55.309456 7f6170782700 Options.max_bytes_for_level_multiplier_addtl[4]: 1
2022/04/03-11:25:55.309459 7f6170782700 Options.max_bytes_for_level_multiplier_addtl[5]: 1
2022/04/03-11:25:55.309462 7f6170782700 Options.max_bytes_for_level_multiplier_addtl[6]: 1
2022/04/03-11:25:55.309465 7f6170782700       Options.max_sequential_skip_in_iterations: 8
2022/04/03-11:25:55.309468 7f6170782700                    Options.max_compaction_bytes: 1677721600
2022/04/03-11:25:55.309471 7f6170782700                        Options.arena_block_size: 8388608
2022/04/03-11:25:55.309475 7f6170782700   Options.soft_pending_compaction_bytes_limit: 68719476736
2022/04/03-11:25:55.309478 7f6170782700   Options.hard_pending_compaction_bytes_limit: 274877906944
2022/04/03-11:25:55.309481 7f6170782700       Options.rate_limit_delay_max_milliseconds: 100
2022/04/03-11:25:55.309484 7f6170782700                Options.disable_auto_compactions: 0
2022/04/03-11:25:55.309488 7f6170782700                        Options.compaction_style: kCompactionStyleLevel
2022/04/03-11:25:55.309492 7f6170782700                          Options.compaction_pri: kMinOverlappingRatio
2022/04/03-11:25:55.309495 7f6170782700 Options.compaction_options_universal.size_ratio: 1
2022/04/03-11:25:55.309498 7f6170782700 Options.compaction_options_universal.min_merge_width: 2
2022/04/03-11:25:55.309501 7f6170782700 Options.compaction_options_universal.max_merge_width: 4294967295
2022/04/03-11:25:55.309504 7f6170782700 Options.compaction_options_universal.max_size_amplification_percent: 200
2022/04/03-11:25:55.309508 7f6170782700 Options.compaction_options_universal.compression_size_percent: -1
2022/04/03-11:25:55.309511 7f6170782700 Options.compaction_options_universal.stop_style: kCompactionStopStyleTotalSize
2022/04/03-11:25:55.309514 7f6170782700 Options.compaction_options_fifo.max_table_files_size: 1073741824
2022/04/03-11:25:55.309517 7f6170782700 Options.compaction_options_fifo.allow_compaction: 0
2022/04/03-11:25:55.309530 7f6170782700                   Options.table_properties_collectors: 
2022/04/03-11:25:55.309534 7f6170782700                   Options.inplace_update_support: 0
2022/04/03-11:25:55.309537 7f6170782700                 Options.inplace_update_num_locks: 10000
2022/04/03-11:25:55.309540 7f6170782700               Options.memtable_prefix_bloom_size_ratio: 0.000000
2022/04/03-11:25:55.309544 7f6170782700               Options.memtable_whole_key_filtering: 0
2022/04/03-11:25:55.309547 7f6170782700   Options.memtable_huge_page_size: 0
2022/04/03-11:25:55.309550 7f6170782700                           Options.bloom_locality: 0
2022/04/03-11:25:55.309553 7f6170782700                    Options.max_successive_merges: 0
2022/04/03-11:25:55.309556 7f6170782700                Options.optimize_filters_for_hits: 0
2022/04/03-11:25:55.309559 7f6170782700                Options.paranoid_file_checks: 0
2022/04/03-11:25:55.309562 7f6170782700                Options.force_consistency_checks: 1
2022/04/03-11:25:55.309589 7f6170782700                Options.report_bg_io_stats: 0
2022/04/03-11:25:55.309593 7f6170782700                               Options.ttl: 2592000
2022/04/03-11:25:55.309596 7f6170782700          Options.periodic_compaction_seconds: 0
2022/04/03-11:25:55.309599 7f6170782700                    Options.enable_blob_files: false
2022/04/03-11:25:55.309602 7f6170782700                        Options.min_blob_size: 0
2022/04/03-11:25:55.309605 7f6170782700                       Options.blob_file_size: 268435456
2022/04/03-11:25:55.309609 7f6170782700                Options.blob_compression_type: NoCompression
2022/04/03-11:25:55.309612 7f6170782700       Options.enable_blob_garbage_collection: false
2022/04/03-11:25:55.309615 7f6170782700   Options.blob_garbage_collection_age_cutoff: 0.250000
2022/04/03-11:25:55.309749 7f6170782700 [/db_impl/db_impl.cc:2632] Created column family [] (ID 1)
2022/04/03-11:25:55.376404 7f6170782700 [/column_family.cc:597] --------------- Options for column family []:
2022/04/03-11:25:55.376427 7f6170782700               Options.comparator: leveldb.BytewiseComparator
2022/04/03-11:25:55.376432 7f6170782700           Options.merge_operator: None
2022/04/03-11:25:55.376435 7f6170782700        Options.compaction_filter: None
2022/04/03-11:25:55.376438 7f6170782700        Options.compaction_filter_factory: None
2022/04/03-11:25:55.376440 7f6170782700  Options.sst_partitioner_factory: None
2022/04/03-11:25:55.376443 7f6170782700         Options.memtable_factory: SkipListFactory
2022/04/03-11:25:55.376446 7f6170782700            Options.table_factory: BlockBasedTable
2022/04/03-11:25:55.376510 7f6170782700            table_factory options:   flush_block_policy_factory: FlushBlockBySizePolicyFactory (0x7f616d552df0)
  cache_index_and_filter_blocks: 0
  cache_index_and_filter_blocks_with_high_priority: 1
  pin_l0_filter_and_index_blocks_in_cache: 0
  pin_top_level_index_and_filter: 1
  index_type: 0
  data_block_index_type: 0
  index_shortening: 1
  data_block_hash_table_util_ratio: 0.750000
  hash_index_allow_collision: 1
  checksum: 1
  no_block_cache: 0
  block_cache: 0x7f616d552e30
  block_cache_name: LRUCache
  block_cache_options:
    capacity : 8388608
    num_shard_bits : 4
    strict_capacity_limit : 0
    memory_allocator : None
    high_pri_pool_ratio: 0.000
  block_cache_compressed: (nil)
  persistent_cache: (nil)
  block_size: 4096
  block_size_deviation: 10
  block_restart_interval: 16
  index_block_restart_interval: 1
  metadata_block_size: 4096
  partition_filters: 0
  use_delta_encoding: 1
  filter_policy: nullptr
  whole_key_filtering: 1
  verify_compression: 0
  read_amp_bytes_per_bit: 0
  format_version: 4
  enable_index_compression: 1
  block_align: 0
2022/04/03-11:25:55.376515 7f6170782700        Options.write_buffer_size: 67108864
2022/04/03-11:25:55.376518 7f6170782700  Options.max_write_buffer_number: 2
2022/04/03-11:25:55.376521 7f6170782700          Options.compression: Snappy
2022/04/03-11:25:55.376524 7f6170782700                  Options.bottommost_compression: Disabled
2022/04/03-11:25:55.376527 7f6170782700       Options.prefix_extractor: nullptr
2022/04/03-11:25:55.376530 7f6170782700   Options.memtable_insert_with_hint_prefix_extractor: nullptr
2022/04/03-11:25:55.376533 7f6170782700             Options.num_levels: 7
2022/04/03-11:25:55.376536 7f6170782700        Options.min_write_buffer_number_to_merge: 1
2022/04/03-11:25:55.376538 7f6170782700     Options.max_write_buffer_number_to_maintain: 0
2022/04/03-11:25:55.376541 7f6170782700     Options.max_write_buffer_size_to_maintain: 134217728
2022/04/03-11:25:55.376544 7f6170782700            Options.bottommost_compression_opts.window_bits: -14
2022/04/03-11:25:55.376547 7f6170782700                  Options.bottommost_compression_opts.level: 32767
2022/04/03-11:25:55.376550 7f6170782700               Options.bottommost_compression_opts.strategy: 0
2022/04/03-11:25:55.376552 7f6170782700         Options.bottommost_compression_opts.max_dict_bytes: 0
2022/04/03-11:25:55.376555 7f6170782700         Options.bottommost_compression_opts.zstd_max_train_bytes: 0
2022/04/03-11:25:55.376558 7f6170782700         Options.bottommost_compression_opts.parallel_threads: 1
2022/04/03-11:25:55.376561 7f6170782700                  Options.bottommost_compression_opts.enabled: false
2022/04/03-11:25:55.376564 7f6170782700            Options.compression_opts.window_bits: -14
2022/04/03-11:25:55.376567 7f6170782700                  Options.compression_opts.level: 32767
2022/04/03-11:25:55.376569 7f6170782700               Options.compression_opts.strategy: 0
2022/04/03-11:25:55.376572 7f6170782700         Options.compression_opts.max_dict_bytes: 0
2022/04/03-11:25:55.376575 7f6170782700         Options.compression_opts.zstd_max_train_bytes: 0
2022/04/03-11:25:55.376577 7f6170782700         Options.compression_opts.parallel_threads: 1
2022/04/03-11:25:55.376580 7f6170782700                  Options.compression_opts.enabled: false
2022/04/03-11:25:55.376616 7f6170782700      Options.level0_file_num_compaction_trigger: 4
2022/04/03-11:25:55.376620 7f6170782700          Options.level0_slowdown_writes_trigger: 20
2022/04/03-11:25:55.376622 7f6170782700              Options.level0_stop_writes_trigger: 36
2022/04/03-11:25:55.376625 7f6170782700                   Options.target_file_size_base: 67108864
2022/04/03-11:25:55.376628 7f6170782700             Options.target_file_size_multiplier: 1
2022/04/03-11:25:55.376631 7f6170782700                Options.max_bytes_for_level_base: 268435456
2022/04/03-11:25:55.376634 7f6170782700 Options.level_compaction_dynamic_level_bytes: 0
2022/04/03-11:25:55.376636 7f6170782700          Options.max_bytes_for_level_multiplier: 10.000000
2022/04/03-11:25:55.376642 7f6170782700 Options.max_bytes_for_level_multiplier_addtl[0]: 1
2022/04/03-11:25:55.376645 7f6170782700 Options.max_bytes_for_level_multiplier_addtl[1]: 1
2022/04/03-11:25:55.376648 7f6170782700 Options.max_bytes_for_level_multiplier_addtl[2]: 1
2022/04/03-11:25:55.376651 7f6170782700 Options.max_bytes_for_level_multiplier_addtl[3]: 1
2022/04/03-11:25:55.376654 7f6170782700 Options.max_bytes_for_level_multiplier_addtl[4]: 1
2022/04/03-11:25:55.376656 7f6170782700 Options.max_bytes_for_level_multiplier_addtl[5]: 1
2022/04/03-11:25:55.376659 7f6170782700 Options.max_bytes_for_level_multiplier_addtl[6]: 1
2022/04/03-11:25:55.376662 7f6170782700       Options.max_sequential_skip_in_iterations: 8
2022/04/03-11:25:55.376665 7f6170782700                    Options.max_compaction_bytes: 1677721600
2022/04/03-11:25:55.376667 7f6170782700                        Options.arena_block_size: 8388608
2022/04/03-11:25:55.376670 7f6170782700   Options.soft_pending_compaction_bytes_limit: 68719476736
2022/04/03-11:25:55.376673 7f6170782700   Options.hard_pending_compaction_bytes_limit: 274877906944
2022/04/03-11:25:55.376676 7f6170782700       Options.rate_limit_delay_max_milliseconds: 100
2022/04/03-11:25:55.376679 7f6170782700                Options.disable_auto_compactions: 0
2022/04/03-11:25:55.376683 7f6170782700                        Options.compaction_style: kCompactionStyleLevel
2022/04/03-11:25:55.376687 7f6170782700                          Options.compaction_pri: kMinOverlappingRatio
2022/04/03-11:25:55.376689 7f6170782700 Options.compaction_options_universal.size_ratio: 1
2022/04/03-11:25:55.376692 7f6170782700 Options.compaction_options_universal.min_merge_width: 2
2022/04/03-11:25:55.376695 7f6170782700 Options.compaction_options_universal.max_merge_width: 4294967295
2022/04/03-11:25:55.376698 7f6170782700 Options.compaction_options_universal.max_size_amplification_percent: 200
2022/04/03-11:25:55.376700 7f6170782700 Options.compaction_options_universal.compression_size_percent: -1
2022/04/03-11:25:55.376704 7f6170782700 Options.compaction_options_universal.stop_style: kCompactionStopStyleTotalSize
2022/04/03-11:25:55.376706 7f6170782700 Options.compaction_options_fifo.max_table_files_size: 1073741824
2022/04/03-11:25:55.376709 7f6170782700 Options.compaction_options_fifo.allow_compaction: 0
2022/04/03-11:25:55.376721 7f6170782700                   Options.table_properties_collectors: 
2022/04/03-11:25:55.376724 7f6170782700                   Options.inplace_update_support: 0
2022/04/03-11:25:55.376727 7f6170782700                 Options.inplace_update_num_locks: 10000
2022/04/03-11:25:55.376730 7f6170782700               Options.memtable_prefix_bloom_size_ratio: 0.000000
2022/04/03-11:25:55.376733 7f6170782700               Options.memtable_whole_key_filtering: 0
2022/04/03-11:25:55.376736 7f6170782700   Options.memtable_huge_page_size: 0
2022/04/03-11:25:55.376738 7f6170782700                           Options.bloom_locality: 0
2022/04/03-11:25:55.376741 7f6170782700                    Options.max_successive_merges: 0
2022/04/03-11:25:55.376744 7f6170782700                Options.optimize_filters_for_hits: 0
2022/04/03-11:25:55.376746 7f6170782700                Options.paranoid_file_checks: 0
2022/04/03-11:25:55.376749 7f6170782700                Options.force_consistency_checks: 1
2022/04/03-11:25:55.376772 7f6170782700                Options.report_bg_io_stats: 0
2022/04/03-11:25:55.376775 7f6170782700                               Options.ttl: 2592000
2022/04/03-11:25:55.376778 7f6170782700          Options.periodic_compaction_seconds: 0
2022/04/03-11:25:55.376781 7f6170782700                    Options.enable_blob_files: false
2022/04/03-11:25:55.376784 7f6170782700                        Options.min_blob_size: 0
2022/04/03-11:25:55.376786 7f6170782700                       Options.blob_file_size: 268435456
2022/04/03-11:25:55.376790 7f6170782700                Options.blob_compression_type: NoCompression
2022/04/03-11:25:55.376793 7f6170782700       Options.enable_blob_garbage_collection: false
2022/04/03-11:25:55.376795 7f6170782700   Options.blob_garbage_collection_age_cutoff: 0.250000
2022/04/03-11:25:55.376896 7f6170782700 [/db_impl/db_impl.cc:2632] Created column family [] (ID 2)
2022/04/03-11:25:55.451874 7f6170782700 [/column_family.cc:597] --------------- Options for column family []:
2022/04/03-11:25:55.451897 7f6170782700               Options.comparator: leveldb.BytewiseComparator
2022/04/03-11:25:55.451901 7f6170782700           Options.merge_operator: None
2022/04/03-11:25:55.451904 7f6170782700        Options.compaction_filter: None
2022/04/03-11:25:55.451907 7f6170782700        Options.compaction_filter_factory: None
2022/04/03-11:25:55.451910 7f6170782700  Options.sst_partitioner_factory: None
2022/04/03-11:25:55.451913 7f6170782700         Options.memtable_factory: SkipListFactory
2022/04/03-11:25:55.451916 7f6170782700            Options.table_factory: BlockBasedTable
2022/04/03-11:25:55.451987 7f6170782700            table_factory options:   flush_block_policy_factory: FlushBlockBySizePolicyFactory (0x7f616d554b70)
  cache_index_and_filter_blocks: 0
  cache_index_and_filter_blocks_with_high_priority: 1
  pin_l0_filter_and_index_blocks_in_cache: 0
  pin_top_level_index_and_filter: 1
  index_type: 0
  data_block_index_type: 0
  index_shortening: 1
  data_block_hash_table_util_ratio: 0.750000
  hash_index_allow_collision: 1
  checksum: 1
  no_block_cache: 0
  block_cache: 0x7f616d554bb0
  block_cache_name: LRUCache
  block_cache_options:
    capacity : 8388608
    num_shard_bits : 4
    strict_capacity_limit : 0
    memory_allocator : None
    high_pri_pool_ratio: 0.000
  block_cache_compressed: (nil)
  persistent_cache: (nil)
  block_size: 4096
  block_size_deviation: 10
  block_restart_interval: 16
  index_block_restart_interval: 1
  metadata_block_size: 4096
  partition_filters: 0
  use_delta_encoding: 1
  filter_policy: nullptr
  whole_key_filtering: 1
  verify_compression: 0
  read_amp_bytes_per_bit: 0
  format_version: 4
  enable_index_compression: 1
  block_align: 0
2022/04/03-11:25:55.451991 7f6170782700        Options.write_buffer_size: 67108864
2022/04/03-11:25:55.451995 7f6170782700  Options.max_write_buffer_number: 2
2022/04/03-11:25:55.451998 7f6170782700          Options.compression: Snappy
2022/04/03-11:25:55.452001 7f6170782700                  Options.bottommost_compression: Disabled
2022/04/03-11:25:55.452004 7f6170782700       Options.prefix_extractor: nullptr
2022/04/03-11:25:55.452007 7f6170782700   Options.memtable_insert_with_hint_prefix_extractor: nullptr
2022/04/03-11:25:55.452010 7f6170782700             Options.num_levels: 7
2022/04/03-11:25:55.452013 7f6170782700        Options.min_write_buffer_number_to_merge: 1
2022/04/03-11:25:55.452015 7f6170782700     Options.max_write_buffer_number_to_maintain: 0
2022/04/03-11:25:55.452018 7f6170782700     Options.max_write_buffer_size_to_maintain: 134217728
2022/04/03-11:25:55.452021 7f6170782700            Options.bottommost_compression_opts.window_bits: -14
2022/04/03-11:25:55.452024 7f6170782700                  Options.bottommost_compression_opts.level: 32767
